# Created by Octave 5.1.0, Sun May 19 22:08:49 2019 -03 <martin@MacBook-Pro-de-Martin.local>
# name: startW
# type: cell
# rows: 1
# columns: 3
# name: <cell-element>
# type: matrix
# rows: 15
# columns: 3
 -0.20019147262015508 0.066345789444354319 0.3769642831630583
 -0.26219745606154271 -0.41390724144290886 0.19605430087699249
 0.49640528075894708 -0.017638511428445358 0.17845886040002479
 -0.29367063792565046 0.33733491575216734 -0.37797299277977076
 0.38139650172961337 0.11110936904711044 -0.42951790747257673
 0.21268772683117088 0.29873996943211156 0.47946251564356457
 0.16755904689806467 -0.48248180091603415 -0.46822908824482584
 -0.14054875185591792 -0.18637500426814863 0.077054245135005695
 0.28360865760422882 -0.21420357772317727 -0.24920632195406228
 0.10885730233353474 -0.13741284993939801 -0.0047702242631897929
 -0.12458041113393764 0.17377879240891903 0.032342641585871634
 -0.3077051871798519 0.38321043568334168 -0.016491586587055351
 0.062203537748119375 -0.25500418929254282 0.14711274325369594
 0.11722394398541169 0.35094712801509931 0.093430811667670866
 0.09113207890315822 -0.094808391776982137 -0.00440226195517196



# name: <cell-element>
# type: matrix
# rows: 30
# columns: 16
 -0.31724173842054121 -0.42972220270339939 -0.22379484253981602 0.13305323202810426 -0.3048619969832011 -0.42312357977311549 -0.28449168365325911 -0.20894010887454845 -0.13915191236014207 -0.0082470637060029772 -0.1388499190847165 -0.013714457971118421 -0.37433264047604192 0.39469444753793692 -0.1463015701533264 0.29219548643759685
 0.024269867960415192 -0.085535074889035834 -0.076856313618943684 -0.14292838598113572 -0.4253855665982566 0.26470398402931317 0.054038153211213857 0.31557675169942023 -0.10295631795241028 -0.21360196837631346 0.22647582082239248 -0.40929366346789414 0.29040505354203394 0.055908995208915901 0.48509271750558114 -0.28159484887531244
 -0.2227828005308235 -0.077327445238014991 0.13471548759957186 0.13967644975443283 0.086558500503720381 -0.22571286332301382 0.39548402229356849 -0.21430890370454009 -0.20268944871577738 -0.070650328011564401 -0.17268965462974467 -0.37912771961065855 -0.23025836827737584 0.00023543649834301128 0.34999277824034181 -0.367307040272356
 -0.44050089434217504 0.022726920705293363 -0.29572263286700423 -0.12905736708918264 -0.30152392731077476 -0.41350539022344607 -0.25526499566867872 0.35450076460820801 0.48107311066018832 0.013103636843981081 0.051455801247610511 0.11407937779133337 0.074380916228267369 0.39206622982842987 -0.26389776786907698 0.22382917733161389
 0.34937003515748699 0.45247393281418657 -0.33666100559403073 -0.23218488474657467 -0.41116472946188537 -0.33263024352307219 -0.43926911789415751 0.20705510769969815 -0.057872674785559519 0.18006974850875601 -0.24905783174167656 -0.3191938433470119 -0.49220748503691053 -0.095776528948489703 0.1447832990075526 -0.0029808225809372924
 0.020434596717824993 -0.1060230942397748 0.092093880896158664 0.22477654973364436 -0.33024899218150122 -0.28108829024266718 -0.16443868032371384 -0.23505043819710197 0.42582074330093878 -0.099252205155733686 -0.14846282299539543 0.27977403268418222 -0.45782272345673797 0.1961609763704899 0.045147693593454497 0.36104781305710676
 -0.33167514297228323 0.19398702195897455 -0.22916207665279614 0.12470056314534717 -0.24887929588202878 -0.42146684349677271 -0.35022040914157965 -0.15727100562676782 -0.48285883687587799 0.35946151716562147 -0.31568712184141184 0.44006654234177378 0.25024222176351141 0.12706631805325352 0.23674808306955819 0.42533124321544491
 -0.39274706269377463 -0.27534791991744084 -0.036159373334246514 0.026783671844624379 -0.10952641818850212 0.046006715168139922 -0.14487021839452102 -0.17657881825146921 -0.10155857904274995 -0.2096001152607449 -0.41085014432516392 0.38743513020221532 0.186185215110376 0.35462752167158551 0.32181073689386419 0.13588625093231399
 0.10246044620589578 0.16602933745081372 0.4345281961238594 0.11982620099323193 0.20189538175973365 -0.14298309754973976 -0.0044299918232048596 -0.3674988593888267 0.055643602948232784 0.072818439117406375 -0.29889364649842992 -0.081119002175966293 -0.26827910146425388 0.22128506507270129 0.32360606813809145 -0.00015053206984999568
 -0.47481043236397452 0.26120596181059663 0.427435741158261 -0.24409740209071479 -0.49910092799298639 0.34862564307124744 -0.28484699447137124 0.13045499499524882 0.022823241482787804 0.41729791857905529 0.10945951596159176 -0.3373690784471351 -0.44814200189861048 0.25424983955748992 -0.34772418896033969 0.33228174765432228
 -0.15107861356003799 -0.45646453138571003 0.12152257564253632 -0.21761434233633309 -0.16549009597539782 0.32817726800493796 0.27256106287759985 0.33448581296985069 -0.28671466183658761 0.25257765077699412 -0.19720015270804286 0.44488029573414833 -0.33545372126801426 -0.43831558146494926 -0.11829869740989157 0.18191376436806472
 -0.02487428767858274 -0.2745270500627332 0.34684931123636764 0.49364359231010735 -0.0039541947598916161 -0.35730992236457909 0.0016855565441674658 -0.10171292155598782 0.3699606249597106 -0.23402436336760429 -0.082147532894132846 0.051359123480534286 0.071188213488387775 -0.16507051743246465 -0.32442081854314769 0.38500867713043985
 -0.42414476425752351 -0.10529144640948745 0.23823011056227938 0.07483258840360596 -0.038456272264020208 -0.01185485327284802 0.15712253290818345 -0.16353619486992838 -0.15100910169202603 -0.058467419213219463 0.060487628129707316 -0.24575320849899701 -0.39033589809660058 0.14472224854028803 0.052251516411062182 0.4356557197957478
 -0.34034336953298344 -0.2685512714542852 0.11998931314387151 0.044861463223582088 -0.18990229482857973 0.48382681701894215 0.30440196914465834 0.41380935492498716 0.46013715739519334 0.24852430335960518 0.33440728600654923 -0.43305081560258624 0.024842274625691219 -0.06185391868441753 0.29219861195346597 -0.33623544037312464
 0.099489549196387306 0.26457536054843867 -0.30964477702131549 -0.44372264498280628 0.39095250303772822 -0.34261469274334638 -0.45493243567888014 -0.25436722205174972 0.4379731569689308 0.25881738638487506 0.33715111892978955 0.011265723535355598 -0.076472667223528468 -0.22801391226502338 0.1896002193318671 -0.29411879580815276
 0.37084240469971586 -0.41107500454312479 0.045543034347314548 0.26329495259572966 0.32514529798400704 -0.43415033236287609 -0.16237216532901572 0.38614816062693069 0.020534300180924503 0.0638746421500207 0.27738786046860797 -0.34629908267308379 0.24393970736194093 -0.19509036999373536 0.44052012204251179 0.27511873390151453
 -0.2072205582891295 -0.44490105100689054 -0.14637508480400679 -0.1867056936072245 -0.048345181888639954 0.47878946449546611 0.23513702709439388 0.090272468537177852 -0.45448740382440295 -0.19367933220882877 0.18984690786679159 -0.17086985157731943 -0.36471792151496302 -0.033479788157375234 0.40310571169708531 0.41080050963591919
 -0.42249064857585544 -0.28153043336217304 0.35871001272793579 0.20029428447742237 -0.16245372939205066 -0.28328490354642039 -0.0278561558014912 -0.35908374342672428 -0.24690002015971363 -0.24364988585157604 -0.47116635386947342 0.42962308772490065 -0.22499103537270232 0.12572861669653879 0.20168584905996467 0.036520401290359494
 0.013886170667105291 0.21120802976709019 0.33469806691459736 0.019106906403587254 0.22385626151832538 0.48993266235181332 0.35767018685702612 -0.24652689460096572 0.48092949848129363 -0.21236968018210428 0.40091218010548613 -0.032340903524661513 -0.07910977272247316 -0.25296906601547714 0.38990381412284336 0.46438470493335682
 -0.18206752454299507 0.14226288057067327 0.08035731214225672 -0.34305860343100975 -0.42291512340318732 0.26900528816090785 -0.14386929449607616 0.29574884601040707 -0.046362453298023409 -0.053197859934861869 -0.31837132529664941 -0.19076396860901518 -0.33030990675320643 0.071462190439204432 -0.43169311206231648 0.020731698483927197
