# Created by Octave 5.1.0, Mon May 13 01:00:30 2019 -03 <segundofarina@MacBook-Pro-de-Segundo.local>
# name: P
# type: global scalar struct
# ndims: 2
 1 1
# length: 14
# name: hiddenLayers
# type: matrix
# rows: 1
# columns: 2
 10 10


# name: inputs
# type: matrix
# rows: 2
# columns: 441
 0.94810000000000005 -1.8859999999999999 -2.7637999999999998 2.1128 1.3606 -1.1384000000000001 0.94810000000000005 2.2370000000000001 0.29330000000000001 -2.4849999999999999 0.29330000000000001 0.29330000000000001 2.8666 0.62690000000000001 -1.3664000000000001 2.6259000000000001 0 -2.7637999999999998 0 1.9628000000000001 0.94810000000000005 0 -2.4849999999999999 -1.8859999999999999 -0.59230000000000005 -0.59230000000000005 1.3606 0 0.62690000000000001 2.8666 -1.8859999999999999 -2.7637999999999998 2.1128 -1.1384000000000001 -2.7637999999999998 1.9628000000000001 2.6259000000000001 -1.8973 -0.59230000000000005 0.94810000000000005 -0.59230000000000005 -2.4849999999999999 1.9628000000000001 -0.27010000000000001 -2.4849999999999999 -0.94120000000000004 0.94810000000000005 1.9628000000000001 -2.9369000000000001 -2.9369000000000001 -2.7637999999999998 2.2370000000000001 1.1377999999999999 2.1128 2.2370000000000001 -1.8973 -1.3664000000000001 -1.3664000000000001 -0.27010000000000001 1.3606 0 2.6259000000000001 1.3606 2.6259000000000001 -1.3664000000000001 2.2370000000000001 2.6259000000000001 -1.8973 -0.59230000000000005 -2.4849999999999999 -2.9369000000000001 0.29330000000000001 0.29330000000000001 0 -2.7637999999999998 -2.9369000000000001 -1.8859999999999999 1.3606 2.2370000000000001 -0.94120000000000004 2.2370000000000001 2.8666 -0.59230000000000005 2.6259000000000001 0.94810000000000005 2.6259000000000001 1.3606 1.1377999999999999 1.9628000000000001 2.1128 0.62690000000000001 -1.3664000000000001 2.8666 2.6259000000000001 0.62690000000000001 -1.1384000000000001 -2.9369000000000001 0.62690000000000001 -2.4849999999999999 -0.94120000000000004 -2.9369000000000001 2.8666 -1.1384000000000001 0.62690000000000001 2.2370000000000001 -1.8859999999999999 2.1128 2.6259000000000001 0.62690000000000001 1.9628000000000001 0.29330000000000001 -1.3664000000000001 0.29330000000000001 -2.4849999999999999 -1.3664000000000001 -0.27010000000000001 1.9628000000000001 -2.7637999999999998 -1.8859999999999999 -1.8973 1.1377999999999999 0.62690000000000001 -0.94120000000000004 2.2370000000000001 2.2370000000000001 -0.27010000000000001 0.62690000000000001 2.1128 2.1128 -2.4849999999999999 -1.1384000000000001 0 -1.8973 -1.8859999999999999 -1.8973 0.62690000000000001 1.9628000000000001 -1.8973 0.29330000000000001 -1.8973 0.94810000000000005 0 2.2370000000000001 0.62690000000000001 -1.8973 -1.8859999999999999 2.8666 -1.8973 0.29330000000000001 -1.8973 1.9628000000000001 2.2370000000000001 0.94810000000000005 -0.27010000000000001 1.1377999999999999 -1.8859999999999999 0.29330000000000001 1.1377999999999999 0.29330000000000001 1.1377999999999999 -1.1384000000000001 0.94810000000000005 -1.3664000000000001 0.29330000000000001 2.8666 -1.8859999999999999 0.94810000000000005 -2.7637999999999998 1.1377999999999999 2.2370000000000001 -1.3664000000000001 -2.7637999999999998 -1.3664000000000001 -1.8859999999999999 -0.59230000000000005 -0.59230000000000005 -0.59230000000000005 0 0.29330000000000001 -0.27010000000000001 -1.3664000000000001 2.6259000000000001 1.3606 2.2370000000000001 -0.27010000000000001 -2.4849999999999999 2.1128 -2.4849999999999999 0.94810000000000005 2.1128 -1.1384000000000001 -0.94120000000000004 2.2370000000000001 -1.1384000000000001 -1.1384000000000001 0 1.3606 -0.59230000000000005 0 1.1377999999999999 2.8666 -1.1384000000000001 -0.27010000000000001 -0.27010000000000001 2.1128 -2.7637999999999998 -2.4849999999999999 -0.27010000000000001 2.1128 0.62690000000000001 -0.94120000000000004 1.9628000000000001 -0.94120000000000004 -1.8973 -1.8973 2.2370000000000001 -0.27010000000000001 2.8666 -1.8973 2.1128 -2.7637999999999998 1.9628000000000001 -0.94120000000000004 1.3606 1.9628000000000001 1.9628000000000001 1.1377999999999999 -2.9369000000000001 -1.8859999999999999 2.6259000000000001 1.3606 -1.8973 -2.7637999999999998 0 -0.94120000000000004 -0.59230000000000005 2.1128 2.2370000000000001 -0.59230000000000005 -0.94120000000000004 2.2370000000000001 1.1377999999999999 2.1128 -0.27010000000000001 -1.8859999999999999 0 0.62690000000000001 2.8666 1.3606 0.29330000000000001 -1.1384000000000001 0.62690000000000001 2.1128 2.1128 1.3606 -1.8973 -2.4849999999999999 0.29330000000000001 0.62690000000000001 -2.4849999999999999 -0.94120000000000004 1.3606 -2.7637999999999998 -2.7637999999999998 2.8666 -0.59230000000000005 -2.7637999999999998 -1.8859999999999999 -0.27010000000000001 1.3606 -2.9369000000000001 1.1377999999999999 1.1377999999999999 1.9628000000000001 0.94810000000000005 2.6259000000000001 -0.27010000000000001 -2.9369000000000001 -1.3664000000000001 2.6259000000000001 1.3606 -2.9369000000000001 2.8666 1.9628000000000001 -0.94120000000000004 -2.9369000000000001 0.94810000000000005 -0.59230000000000005 1.3606 -1.8973 -2.4849999999999999 -1.8973 0.94810000000000005 0.62690000000000001 -1.3664000000000001 1.3606 -1.8859999999999999 -0.94120000000000004 -1.8859999999999999 -0.59230000000000005 0.94810000000000005 -2.4849999999999999 -2.7637999999999998 0.29330000000000001 2.8666 -1.8973 1.1377999999999999 -0.94120000000000004 0.29330000000000001 -2.9369000000000001 -0.94120000000000004 -2.9369000000000001 2.6259000000000001 -0.59230000000000005 2.1128 -2.9369000000000001 0.94810000000000005 2.8666 -2.4849999999999999 2.6259000000000001 -1.1384000000000001 2.8666 -2.9369000000000001 0 -0.94120000000000004 -1.1384000000000001 -0.59230000000000005 -2.4849999999999999 0.29330000000000001 -0.94120000000000004 2.1128 -1.1384000000000001 -1.3664000000000001 0 0.29330000000000001 2.6259000000000001 -0.27010000000000001 -2.7637999999999998 -1.1384000000000001 2.6259000000000001 2.8666 -1.1384000000000001 0.62690000000000001 -0.27010000000000001 -0.59230000000000005 -0.27010000000000001 -1.1384000000000001 2.8666 -0.94120000000000004 -0.27010000000000001 -1.8973 2.6259000000000001 -0.94120000000000004 0.62690000000000001 1.9628000000000001 1.9628000000000001 -1.1384000000000001 1.9628000000000001 -2.9369000000000001 0.62690000000000001 2.8666 -2.4849999999999999 -2.7637999999999998 -0.27010000000000001 0.94810000000000005 0 -2.4849999999999999 -0.94120000000000004 -1.1384000000000001 -0.59230000000000005 1.3606 1.3606 1.1377999999999999 0 1.3606 1.1377999999999999 1.1377999999999999 0 -1.3664000000000001 -1.8859999999999999 -0.27010000000000001 2.1128 -1.1384000000000001 1.1377999999999999 1.1377999999999999 2.2370000000000001 1.9628000000000001 -1.3664000000000001 0.29330000000000001 -1.8973 1.9628000000000001 -2.9369000000000001 -1.1384000000000001 2.1128 -2.7637999999999998 0 2.1128 -0.94120000000000004 2.8666 -1.8859999999999999 0.94810000000000005 -2.7637999999999998 -1.3664000000000001 -1.3664000000000001 0.94810000000000005 -1.8859999999999999 2.8666 2.6259000000000001 2.2370000000000001 -2.4849999999999999 -2.4849999999999999 0.62690000000000001 -1.3664000000000001 -1.8859999999999999 1.3606 -1.3664000000000001 2.6259000000000001 -2.9369000000000001 2.8666 0.94810000000000005 1.1377999999999999 0.62690000000000001 2.2370000000000001 -0.59230000000000005 0.29330000000000001 -2.9369000000000001 -2.7637999999999998 -1.8859999999999999 -2.9369000000000001 -1.3664000000000001 1.1377999999999999 1.1377999999999999 0 0.94810000000000005 2.6259000000000001 -2.9369000000000001 -0.59230000000000005 0 2.2370000000000001 -0.27010000000000001 1.9628000000000001
